[gd_scene load_steps=23 format=3 uid="uid://baia4k0qqww23"]

[ext_resource type="PackedScene" uid="uid://devbuktujmib1" path="res://assets/characters/Characters/Rogue.glb" id="1_xvkdw"]
[ext_resource type="Script" uid="uid://dgbvrsxxd666k" path="res://scenes/player/script.gd" id="2_e4tch"]

[sub_resource type="CapsuleShape3D" id="CapsuleShape3D_xvkdw"]

[sub_resource type="AnimationNodeAnimation" id="AnimationNodeAnimation_0niji"]
animation = &"Cheer"

[sub_resource type="AnimationNodeAnimation" id="AnimationNodeAnimation_6ohwh"]
animation = &"Death_A"

[sub_resource type="AnimationNodeAnimation" id="AnimationNodeAnimation_e4tch"]
animation = &"Idle"

[sub_resource type="AnimationNodeAnimation" id="AnimationNodeAnimation_ak5du"]
animation = &"Walking_C"

[sub_resource type="AnimationNodeAnimation" id="AnimationNodeAnimation_e8u37"]
animation = &"Walking_C"

[sub_resource type="AnimationNodeAnimation" id="AnimationNodeAnimation_itrdm"]
animation = &"Walking_Backwards"

[sub_resource type="AnimationNodeAnimation" id="AnimationNodeAnimation_go6ih"]
animation = &"Walking_A"

[sub_resource type="AnimationNodeBlendSpace2D" id="AnimationNodeBlendSpace2D_l3ro8"]
blend_point_0/node = SubResource("AnimationNodeAnimation_e4tch")
blend_point_0/pos = Vector2(0, 0)
blend_point_1/node = SubResource("AnimationNodeAnimation_ak5du")
blend_point_1/pos = Vector2(-1, 0)
blend_point_2/node = SubResource("AnimationNodeAnimation_e8u37")
blend_point_2/pos = Vector2(1, 0)
blend_point_3/node = SubResource("AnimationNodeAnimation_itrdm")
blend_point_3/pos = Vector2(0, 1)
blend_point_4/node = SubResource("AnimationNodeAnimation_go6ih")
blend_point_4/pos = Vector2(0, -1)

[sub_resource type="AnimationNodeAnimation" id="AnimationNodeAnimation_euyhv"]
animation = &"Interact"

[sub_resource type="AnimationNodeAnimation" id="AnimationNodeAnimation_2hgy8"]
animation = &"Lie_StandUp"

[sub_resource type="AnimationNodeStateMachineTransition" id="AnimationNodeStateMachineTransition_t87ks"]
xfade_time = 0.3
switch_mode = 2

[sub_resource type="AnimationNodeStateMachineTransition" id="AnimationNodeStateMachineTransition_0niji"]
advance_mode = 2

[sub_resource type="AnimationNodeStateMachineTransition" id="AnimationNodeStateMachineTransition_6ohwh"]
switch_mode = 2
advance_mode = 2

[sub_resource type="AnimationNodeStateMachineTransition" id="AnimationNodeStateMachineTransition_euyhv"]

[sub_resource type="AnimationNodeStateMachineTransition" id="AnimationNodeStateMachineTransition_2hgy8"]
switch_mode = 2
advance_mode = 2

[sub_resource type="AnimationNodeStateMachineTransition" id="AnimationNodeStateMachineTransition_drsp3"]

[sub_resource type="AnimationNodeStateMachineTransition" id="AnimationNodeStateMachineTransition_860hg"]

[sub_resource type="AnimationNodeStateMachineTransition" id="AnimationNodeStateMachineTransition_8k1dt"]
switch_mode = 2
advance_mode = 2

[sub_resource type="AnimationNodeStateMachine" id="AnimationNodeStateMachine_xvkdw"]
states/Cheer/node = SubResource("AnimationNodeAnimation_0niji")
states/Cheer/position = Vector2(640, 12)
states/Death_A/node = SubResource("AnimationNodeAnimation_6ohwh")
states/Death_A/position = Vector2(793, 100)
states/IW/node = SubResource("AnimationNodeBlendSpace2D_l3ro8")
states/IW/position = Vector2(503, 100)
states/Interact/node = SubResource("AnimationNodeAnimation_euyhv")
states/Interact/position = Vector2(503, 12)
states/Lie_StandUp/node = SubResource("AnimationNodeAnimation_2hgy8")
states/Lie_StandUp/position = Vector2(793, 210)
transitions = ["Death_A", "Lie_StandUp", SubResource("AnimationNodeStateMachineTransition_t87ks"), "Start", "IW", SubResource("AnimationNodeStateMachineTransition_0niji"), "Interact", "IW", SubResource("AnimationNodeStateMachineTransition_6ohwh"), "IW", "Interact", SubResource("AnimationNodeStateMachineTransition_euyhv"), "Cheer", "IW", SubResource("AnimationNodeStateMachineTransition_2hgy8"), "IW", "Cheer", SubResource("AnimationNodeStateMachineTransition_drsp3"), "IW", "Death_A", SubResource("AnimationNodeStateMachineTransition_860hg"), "Lie_StandUp", "IW", SubResource("AnimationNodeStateMachineTransition_8k1dt")]
graph_offset = Vector2(-312, -76)

[node name="Player" instance=ExtResource("1_xvkdw")]
script = ExtResource("2_e4tch")

[node name="Skeleton3D" parent="Rig" index="0"]
bones/1/position = Vector3(2.53413e-21, 0.374063, 6.04185e-28)
bones/1/rotation = Quaternion(-1.10785e-10, 0.0430267, 2.5646e-09, 0.999074)
bones/2/rotation = Quaternion(2.79114e-13, 2.08105e-11, -6.04202e-05, 1)
bones/3/rotation = Quaternion(5.01391e-13, 3.69322e-09, 6.04202e-05, 1)
bones/4/position = Vector3(0.212007, 0.134132, 7.93159e-08)
bones/4/rotation = Quaternion(-0.55392, -0.0567938, -0.636607, 0.533553)
bones/5/rotation = Quaternion(1.56496e-08, -5.66778e-08, -0.515359, 0.856974)
bones/7/rotation = Quaternion(-0.322109, -0.336073, 0.149865, 0.872262)
bones/8/position = Vector3(9.08068e-10, 0.0961252, -0.0575)
bones/8/rotation = Quaternion(0.000722152, 0.000617189, -0.704656, 0.709549)
bones/10/position = Vector3(-0.212007, 0.134132, 8.68097e-08)
bones/10/rotation = Quaternion(-0.612235, 0.0777933, 0.612464, 0.493968)
bones/11/rotation = Quaternion(8.44785e-09, 6.01521e-08, 0.537482, 0.843275)
bones/13/rotation = Quaternion(-0.320418, 0.312921, -0.232101, 0.863448)
bones/14/position = Vector3(-1.5682e-08, 0.0961251, -0.0575)
bones/14/rotation = Quaternion(0.00218852, 0.00254275, 0.704892, 0.709306)
bones/19/rotation = Quaternion(6.88635e-06, -0.0312464, 2.13406e-07, 0.999512)
bones/21/position = Vector3(0.170945, 0.113558, -6.22786e-07)
bones/21/rotation = Quaternion(0.990699, 0.0830949, 0.0777171, 0.0746345)
bones/22/rotation = Quaternion(0.362609, 6.37783e-08, -2.54865e-07, 0.931941)
bones/23/rotation = Quaternion(-0.604566, -0.202269, 0.0702344, 0.767238)
bones/24/rotation = Quaternion(-9.84684e-09, 0.920295, -0.391226, 7.83048e-08)
bones/25/position = Vector3(-0.170945, 0.113524, -1.86942e-05)
bones/25/rotation = Quaternion(0.99278, -0.03249, 0.0300256, 0.111494)
bones/26/rotation = Quaternion(0.411272, -6.00537e-08, 2.86156e-07, 0.911513)
bones/27/rotation = Quaternion(-0.631775, 0.112699, -0.020336, 0.766645)
bones/28/rotation = Quaternion(3.03569e-08, 0.920337, -0.391127, -6.95351e-08)
bones/29/rotation = Quaternion(0.707107, -2.29302e-07, -4.60551e-08, 0.707107)
bones/30/position = Vector3(0.202087, 0.0259451, 0.205078)
bones/30/rotation = Quaternion(-0.706953, -7.05424e-08, -7.05146e-08, 0.70726)
bones/31/position = Vector3(1.94349e-08, 0.362833, -2.42861e-15)
bones/31/rotation = Quaternion(9.62885e-09, 1.7742e-09, 0.985806, -0.167891)
bones/32/position = Vector3(-2.60494e-08, 0.213436, -5.12435e-09)
bones/32/rotation = Quaternion(-1.01282e-07, 0.391084, 0.920355, -3.3497e-08)
bones/33/position = Vector3(8.5446e-09, 0.16565, -2.38635e-09)
bones/34/rotation = Quaternion(1, -2.32428e-09, 1.99761e-07, -1.33803e-15)
bones/36/rotation = Quaternion(0.707107, -3.82385e-08, 1.45009e-07, 0.707107)
bones/37/position = Vector3(-0.170945, 0.0259612, 0.244825)
bones/37/rotation = Quaternion(-0.705941, -7.06554e-08, -7.0401e-08, 0.70827)
bones/38/position = Vector3(1.94581e-08, 0.362833, -1.89614e-11)
bones/38/rotation = Quaternion(-5.81822e-09, 6.41887e-10, 0.994841, 0.101448)
bones/39/position = Vector3(-1.11482e-08, 0.213436, 1.62958e-11)
bones/39/rotation = Quaternion(-1.0579e-07, 0.391084, 0.920355, -2.58754e-08)
bones/40/position = Vector3(-6.26599e-09, 0.16565, 2.62982e-09)
bones/41/rotation = Quaternion(1, 3.75382e-09, 1.94879e-07, 7.42794e-09)
bones/43/position = Vector3(0.453507, 1.10608, -0.589756)
bones/43/rotation = Quaternion(-0.707107, -7.27951e-08, -7.27951e-08, 0.707107)
bones/44/position = Vector3(0.52081, 0.779097, -0.0577116)
bones/44/rotation = Quaternion(0.794756, 0.000715586, 0.606929, 0.000508559)
bones/45/position = Vector3(-0.453507, 1.10608, -0.589756)
bones/45/rotation = Quaternion(-0.707107, -7.27951e-08, -7.27951e-08, 0.707107)
bones/46/position = Vector3(-0.510849, 0.779212, 0.0597969)
bones/46/rotation = Quaternion(-0.758853, 0.00109674, 0.651261, -0.000653566)

[node name="Knife_Offhand" parent="Rig/Skeleton3D" index="0"]
transform = Transform3D(-0.000444277, 0.262423, 0.964952, 0.999983, -0.0054585, 0.00194518, 0.0057778, 0.964937, -0.262417, 0.507767, 0.627984, -0.0174375)
visible = false

[node name="1H_Crossbow" parent="Rig/Skeleton3D" index="1"]
transform = Transform3D(0.987578, -0.157127, 0.000257774, -0.00029166, -0.00347161, -0.999993, 0.157128, 0.987571, -0.00347467, -0.48923, 0.737102, 0.0983596)
visible = false

[node name="2H_Crossbow" parent="Rig/Skeleton3D" index="2"]
transform = Transform3D(0.987578, -0.157127, 0.000257774, -0.00029166, -0.00347161, -0.999993, 0.157128, 0.987571, -0.00347467, -0.48923, 0.737102, 0.0983596)
visible = false

[node name="Knife" parent="Rig/Skeleton3D" index="3"]
transform = Transform3D(-0.000257769, -0.157127, 0.987578, 0.999993, -0.00347146, -0.000291641, 0.00347452, 0.987572, 0.157127, -0.49083, 0.632438, 0.108226)
visible = false

[node name="Throwable" parent="Rig/Skeleton3D" index="4"]
transform = Transform3D(-0.000257753, -0.157127, 0.987578, 0.999993, -0.00347145, -0.000291655, 0.00347451, 0.987571, 0.157127, -0.519152, 0.631813, 0.286232)
visible = false

[node name="Rogue_Cape" parent="Rig/Skeleton3D" index="5"]
transform = Transform3D(0.996297, -5.11487e-09, 0.0859739, 5.09317e-09, 1, 4.40048e-10, -0.0859739, -3.75283e-13, 0.996297, 4.51418e-05, 1.18427, -3.8958e-06)

[node name="CollisionShape3D" type="CollisionShape3D" parent="." index="1"]
transform = Transform3D(1, 0, 0, 0, 1, 0, 0, 0, 1, 0, 1, 0)
shape = SubResource("CapsuleShape3D_xvkdw")

[node name="AnimationTree" type="AnimationTree" parent="." index="3"]
tree_root = SubResource("AnimationNodeStateMachine_xvkdw")
anim_player = NodePath("../AnimationPlayer")
parameters/IW/blend_position = Vector2(-0.000581741, -0.00245702)

[node name="Camera3D" type="Camera3D" parent="." index="4"]
transform = Transform3D(-1, -2.26267e-08, 8.44439e-08, 4.37114e-08, 0.707107, 0.707107, -7.57103e-08, 0.707107, -0.707107, 0, 8, -7)
fov = 65.1241
